# t x y z vx vy vz omx omy omz llx lly llz Ixx Iyy Izz Ixy Iyz Ixz KErot PEspr PEgrav Etot dEdtnow
0.000 1.97772 0.09897 0.00000 -0.03517 0.70272 0.00000 -1.4397e-18 3.2256e-18 3.5500e-01 4.8704e-21 8.9997e-22 9.6714e-05 0.00017 0.00022 0.00027 0.00000 0.00000 0.00000 1.71668e-05 1.30611e-30 -2.2821509210e-04 -2.1104827826e-04 4.1047365717e-32 
10.002 -1.67725 -1.04155 0.00194 0.35917 -0.61110 -0.00718 6.1573e-03 8.0113e-03 3.8334e-01 1.7542e-06 2.0481e-06 1.0442e-04 0.00019 0.00020 0.00027 -0.00003 0.00000 0.00000 2.00269e-05 6.60225e-04 -2.2826215129e-04 4.5198964862e-04 9.4331732938e-10 
20.000 0.99883 1.64703 0.01258 -0.61589 0.39646 0.00334 1.2042e-02 -1.9513e-02 3.2235e-01 2.7195e-06 -4.6125e-06 8.7816e-05 0.00020 0.00019 0.00027 -0.00002 -0.00000 -0.00000 1.42150e-05 6.60295e-04 -2.2826558936e-04 4.4624475027e-04 8.3626266398e-10 
30.000 -0.42222 -1.91170 -0.01299 0.70442 -0.12408 0.00548 -1.7020e-02 -1.1397e-02 3.6911e-01 -3.9208e-06 -3.4515e-06 1.0053e-04 0.00022 0.00017 0.00027 -0.00000 -0.00000 -0.00000 1.86065e-05 6.60072e-04 -2.2826280976e-04 4.5041603554e-04 1.0544593790e-09 
40.002 -0.64193 1.95263 0.00167 -0.64450 -0.20606 -0.00380 -1.8667e-02 1.0280e-02 3.7266e-01 -4.6139e-06 3.3441e-06 1.0149e-04 0.00021 0.00017 0.00027 0.00002 0.00001 -0.00000 1.89711e-05 6.59820e-04 -2.2826355483e-04 4.5052722287e-04 9.5960670976e-10 
50.002 1.30963 -1.43025 -0.00352 0.52631 0.48683 -0.00048 2.1614e-02 1.6366e-02 3.4368e-01 5.3596e-06 3.6076e-06 9.3633e-05 0.00020 0.00019 0.00027 0.00003 -0.00000 0.00000 1.61775e-05 6.60065e-04 -2.2826387096e-04 4.4797836993e-04 9.8403328990e-10 
60.002 -1.90784 0.55006 0.02205 -0.20961 -0.67435 -0.00311 7.8815e-03 -1.1096e-02 4.0289e-01 2.3496e-06 -2.9763e-06 1.0974e-04 0.00017 0.00022 0.00027 0.00001 -0.00000 0.00000 2.21321e-05 6.60177e-04 -2.2826107807e-04 4.5404788067e-04 9.3633003941e-10 
70.002 1.87507 0.24552 -0.00568 -0.10663 0.73861 0.00673 -2.1915e-03 -1.1701e-02 2.8369e-01 -6.6885e-07 -2.8149e-06 7.7274e-05 0.00017 0.00022 0.00027 -0.00000 -0.00000 -0.00000 1.09782e-05 6.60273e-04 -2.2826700564e-04 4.4298426948e-04 8.3834676041e-10 
80.000 -1.88238 -0.88177 -0.00791 0.31448 -0.59597 -0.00397 -4.4338e-03 3.9482e-03 4.1019e-01 -1.1497e-06 6.6769e-07 1.1173e-04 0.00019 0.00020 0.00027 -0.00003 -0.00000 -0.00000 2.29187e-05 6.60046e-04 -2.2826172111e-04 4.5470267766e-04 9.1095318203e-10 
90.000 1.03502 1.70802 0.00540 -0.57687 0.39696 0.00140 -4.0510e-03 4.8967e-03 3.3226e-01 -7.2774e-07 1.1761e-06 9.0495e-05 0.00020 0.00019 0.00027 -0.00003 0.00000 0.00000 1.50382e-05 6.60191e-04 -2.2826579890e-04 4.4696315376e-04 1.0116678001e-09 
100.000 -0.51903 -1.87603 -0.00642 0.69490 -0.17014 -0.00536 6.0512e-03 4.7913e-03 3.6690e-01 1.5629e-06 1.1929e-06 9.9942e-05 0.00022 0.00017 0.00027 -0.00001 0.00000 0.00000 1.83420e-05 6.60056e-04 -2.2826265044e-04 4.5013556952e-04 1.0135936174e-09 
110.000 -0.75659 1.86284 0.03862 -0.65703 -0.23470 0.00722 2.0544e-02 3.9027e-03 3.9673e-01 4.8329e-06 9.8317e-07 1.0808e-04 0.00021 0.00017 0.00027 0.00002 -0.00000 0.00000 2.14909e-05 6.60081e-04 -2.2826163205e-04 4.5331055751e-04 9.4025531941e-10 
120.000 1.12471 -1.52572 -0.03218 0.57250 0.47392 0.00061 7.8558e-03 -1.5112e-02 2.7462e-01 2.1318e-06 -4.1120e-06 7.4799e-05 0.00020 0.00019 0.00027 0.00003 -0.00001 0.00000 1.03103e-05 6.60156e-04 -2.2826736015e-04 4.4219908668e-04 9.0189565906e-10 
130.000 -1.87728 1.16105 0.02727 -0.33068 -0.54311 -0.00438 -6.9424e-03 -1.6272e-02 4.2167e-01 -2.8266e-06 -3.7389e-06 1.1483e-04 0.00018 0.00021 0.00027 0.00002 -0.00000 -0.00000 2.42514e-05 6.60027e-04 -2.2826182616e-04 4.5601608278e-04 7.8084351788e-10 
140.000 1.85533 -0.26124 -0.01893 0.13344 0.73684 0.00732 6.7467e-03 2.2410e-02 2.6864e-01 1.7490e-06 5.6393e-06 7.3193e-05 0.00017 0.00022 0.00027 0.00001 0.00000 0.00000 9.90023e-06 6.60584e-04 -2.2826729808e-04 4.4221663486e-04 9.6988348959e-10 
150.000 -2.00877 -0.37491 0.01712 0.14094 -0.66925 -0.01287 1.8921e-02 -1.2368e-02 4.3256e-01 6.2674e-06 -2.1927e-06 1.1774e-04 0.00017 0.00021 0.00027 -0.00002 0.00000 0.00001 2.55384e-05 6.60017e-04 -2.2825959891e-04 4.5729600169e-04 9.1448493576e-10 
160.000 1.31953 1.42382 0.03196 -0.50201 0.52335 0.02124 3.6012e-03 -2.4394e-02 3.1286e-01 1.5215e-06 -5.9692e-06 8.5235e-05 0.00019 0.00020 0.00027 -0.00003 -0.00000 0.00000 1.34088e-05 6.60256e-04 -2.2826614048e-04 4.4539859978e-04 1.0214318267e-09 
170.000 -1.22990 -1.60453 -0.03715 0.58881 -0.37415 -0.01451 -7.7543e-03 -1.0310e-02 3.5441e-01 -1.4339e-06 -3.7610e-06 9.6453e-05 0.00021 0.00018 0.00027 -0.00002 -0.00001 0.00000 1.71169e-05 6.59967e-04 -2.2826521023e-04 4.4881835903e-04 8.5664005097e-10 
180.000 0.17969 2.06245 0.04627 -0.67062 0.07488 0.00450 1.2962e-04 6.6612e-04 3.8146e-01 -2.1805e-07 -2.4809e-07 1.0390e-04 0.00022 0.00017 0.00027 -0.00001 -0.00000 -0.00000 1.98162e-05 6.60132e-04 -2.2826347150e-04 4.5168506872e-04 9.2650943966e-10 
190.000 0.55417 -1.82489 -0.04450 0.70467 0.20608 -0.00241 1.1852e-02 -1.4938e-03 3.3049e-01 2.2800e-06 -4.1983e-07 9.0002e-05 0.00021 0.00017 0.00027 0.00002 -0.00000 -0.00000 1.48860e-05 6.60465e-04 -2.2826436127e-04 4.4708642243e-04 9.4085524499e-10 
200.000 -1.42054 1.38815 0.04886 -0.50489 -0.49601 -0.01003 1.9440e-02 -1.9126e-02 3.8864e-01 4.7195e-06 -4.7345e-06 1.0590e-04 0.00019 0.00020 0.00027 0.00003 -0.00000 0.00000 2.06698e-05 6.60209e-04 -2.2826210498e-04 4.5261629116e-04 8.5605987035e-10 
210.000 1.79499 -0.65907 -0.02278 0.24675 0.69013 0.02582 -2.5752e-03 -2.2631e-02 3.1303e-01 1.7593e-07 -5.3203e-06 8.5247e-05 0.00017 0.00022 0.00027 0.00002 -0.00000 0.00000 1.34022e-05 6.60244e-04 -2.2826535064e-04 4.4538131078e-04 1.0506337659e-09 
220.000 -2.07440 -0.04952 -0.00731 0.03652 -0.67092 -0.02259 -1.5314e-02 -2.3376e-02 3.9567e-01 -3.5332e-06 -6.2014e-06 1.0780e-04 0.00017 0.00022 0.00027 -0.00001 -0.00000 -0.00000 2.14258e-05 6.59819e-04 -2.2826241043e-04 4.5298282007e-04 9.2604866743e-10 
230.000 1.71597 0.98993 0.03097 -0.33992 0.61579 0.01561 -6.3575e-03 7.4375e-03 3.3248e-01 -1.3282e-06 7.5220e-07 9.0492e-05 0.00018 0.00021 0.00027 -0.00002 -0.00000 -0.00000 1.50505e-05 6.60087e-04 -2.2826535000e-04 4.4687180727e-04 9.8288397988e-10 
240.000 -1.10494 -1.59932 -0.03552 0.59093 -0.41410 -0.01358 9.5688e-03 6.0441e-03 3.9269e-01 2.1419e-06 6.6274e-07 1.0696e-04 0.00021 0.00018 0.00027 -0.00002 -0.00000 0.00000 2.10139e-05 6.60326e-04 -2.2826116692e-04 4.5307821764e-04 9.3400931010e-10 
250.000 0.25252 1.91337 0.05766 -0.72443 0.09506 0.00376 2.0644e-02 -1.7847e-02 3.1568e-01 4.0059e-06 -4.5929e-06 8.5939e-05 0.00022 0.00017 0.00027 -0.00001 -0.00000 -0.00000 1.36469e-05 6.60220e-04 -2.2826596156e-04 4.4560118590e-04 8.0054729503e-10 
260.000 0.42355 -1.94706 -0.06513 0.68015 0.17588 0.00946 -6.1426e-03 -3.0344e-02 3.7402e-01 -1.5997e-06 -7.3559e-06 1.0193e-04 0.00022 0.00017 0.00027 0.00002 -0.00001 0.00000 1.91784e-05 6.60128e-04 -2.2826290138e-04 4.5104310744e-04 9.9327663687e-10 
270.000 -1.40567 1.48639 0.03591 -0.50997 -0.45252 -0.01998 -1.4855e-02 -1.9517e-02 3.7246e-01 -3.4598e-06 -3.8196e-06 1.0143e-04 0.00019 0.00020 0.00027 0.00003 0.00000 -0.00000 1.89523e-05 6.60012e-04 -2.2826348669e-04 4.5070076450e-04 9.9140025022e-10 
280.000 1.75753 -0.83764 -0.01189 0.30886 0.64516 0.02012 -6.5055e-03 8.0717e-03 3.2992e-01 -6.6598e-07 1.8109e-06 8.9853e-05 0.00018 0.00021 0.00027 0.00002 0.00000 0.00000 1.48317e-05 6.60005e-04 -2.2826485502e-04 4.4657178425e-04 9.9820048161e-10 
290.000 -1.95332 -0.19738 0.00069 0.06130 -0.71085 -0.01632 -1.0262e-02 -7.1900e-03 4.1379e-01 -1.1750e-06 -2.5471e-06 1.1266e-04 0.00017 0.00022 0.00027 -0.00001 -0.00000 0.00000 2.33239e-05 6.60104e-04 -2.2825994124e-04 4.5516766762e-04 9.5597506198e-10 
300.002 1.71681 0.88319 0.02642 -0.35733 0.63379 0.01767 8.7945e-03 -6.6324e-03 2.8033e-01 2.2211e-06 -3.0697e-06 7.6239e-05 0.00018 0.00021 0.00027 -0.00002 -0.00001 0.00000 1.07060e-05 6.59975e-04 -2.2826757588e-04 4.4241368097e-04 8.9415236017e-10 
310.002 -1.34255 -1.59860 -0.05690 0.52246 -0.41922 -0.01103 4.2666e-03 5.3071e-04 4.1995e-01 -1.2383e-06 -1.8477e-06 1.1418e-04 0.00020 0.00019 0.00027 -0.00003 -0.00000 -0.00000 2.39729e-05 6.60048e-04 -2.2826079222e-04 4.5575965173e-04 9.1270246451e-10 
320.002 0.33513 1.92869 0.05623 -0.69851 0.15967 -0.00334 -4.7663e-03 -1.5488e-02 3.1792e-01 -3.1018e-06 -2.7685e-06 8.6339e-05 0.00022 0.00017 0.00027 -0.00001 -0.00000 -0.00001 1.37534e-05 6.60275e-04 -2.2826591540e-04 4.4576207263e-04 9.4248023274e-10 
330.002 0.24804 -1.95069 -0.04518 0.70415 0.10129 0.00739 -1.6395e-03 -3.0856e-02 3.6753e-01 -5.7861e-07 -5.0490e-06 1.0009e-04 0.00022 0.00017 0.00027 0.00001 0.00000 0.00000 1.84716e-05 6.60064e-04 -2.2826306846e-04 4.5027215433e-04 9.6719990543e-10 
340.002 -1.34636 1.41632 0.04081 -0.53534 -0.47577 -0.00747 1.1872e-04 -5.7249e-03 3.9066e-01 1.1535e-06 1.1064e-06 1.0606e-04 0.00020 0.00019 0.00027 0.00003 0.00001 0.00000 2.07140e-05 6.60086e-04 -2.2826108850e-04 4.5253913255e-04 1.0303984687e-09 
350.002 1.68625 -1.02756 -0.03031 0.33167 0.62628 0.01562 -5.2440e-03 1.2917e-02 2.9927e-01 2.0610e-06 2.8550e-06 8.1184e-05 0.00017 0.00021 0.00027 0.00002 0.00000 0.00001 1.21611e-05 6.59853e-04 -2.2826726905e-04 4.4374698408e-04 9.6872725057e-10 
360.002 -2.13989 0.10596 -0.00165 -0.04883 -0.65161 -0.01831 -1.4144e-02 -3.9165e-02 4.2052e-01 -6.0474e-07 -1.3915e-05 1.1364e-04 0.00017 0.00022 0.00027 0.00000 -0.00001 0.00000 2.41700e-05 6.59965e-04 -2.2826162157e-04 4.5587383817e-04 8.5034530748e-10 
370.002 1.80089 0.53592 0.02003 -0.20039 0.72179 0.01504 4.8367e-03 2.2614e-03 2.7842e-01 -2.4620e-06 -3.6472e-06 7.4408e-05 0.00017 0.00022 0.00027 -0.00001 -0.00001 -0.00001 1.03481e-05 6.60558e-04 -2.2826755500e-04 4.4263864018e-04 9.4668895051e-10 
380.002 -1.56654 -1.26908 -0.02931 0.44572 -0.53592 -0.01322 1.5509e-02 9.2134e-02 3.9668e-01 -2.3300e-06 2.1665e-05 1.0768e-04 0.00019 0.00020 0.00027 -0.00003 0.00001 -0.00001 2.23377e-05 6.60118e-04 -2.2826123851e-04 4.5419462128e-04 8.5124777818e-10 
390.002 0.57909 1.81714 0.04876 -0.69295 0.24345 0.01356 7.9660e-02 -5.6524e-02 3.5512e-01 1.4749e-05 -7.1747e-06 9.3608e-05 0.00022 0.00018 0.00027 -0.00002 0.00001 -0.00001 1.74114e-05 6.60306e-04 -2.2826326467e-04 4.4945459190e-04 1.1241788060e-09 
400.002 -0.13412 -2.06216 -0.05900 0.67698 -0.00779 -0.00582 1.3026e-02 -1.2839e-01 3.1382e-01 4.6604e-06 -2.5907e-05 8.6392e-05 0.00022 0.00017 0.00027 0.00001 -0.00001 0.00001 1.52493e-05 6.59875e-04 -2.2826673151e-04 4.4685738848e-04 9.3175536582e-10 
410.002 -0.93960 1.83729 0.05905 -0.61760 -0.27875 -0.00671 -9.4177e-02 -1.2415e-02 4.2993e-01 -1.5481e-05 2.0741e-06 1.1265e-04 0.00022 0.00018 0.00027 0.00002 0.00001 0.00001 2.49326e-05 6.60012e-04 -2.2825983513e-04 4.5668489421e-04 9.0967234004e-10 
420.002 1.29664 -1.39428 -0.03876 0.53720 0.50932 0.01221 -4.8323e-03 1.2691e-01 2.6551e-01 6.2376e-06 2.6998e-05 7.1958e-05 0.00020 0.00020 0.00027 0.00003 0.00001 0.00001 1.12508e-05 6.60521e-04 -2.2826682571e-04 4.4350490605e-04 9.4672174736e-10 
430.002 -1.87354 0.66156 0.02909 -0.23285 -0.66920 -0.01646 -1.9970e-02 -4.6753e-02 4.0576e-01 3.1887e-06 -2.1120e-05 1.0404e-04 0.00017 0.00023 0.00025 0.00000 -0.00002 0.00002 2.15703e-05 6.60182e-04 -2.2826391190e-04 4.5348852332e-04 7.9041509058e-10 
440.002 1.92040 0.19266 -0.00945 -0.07942 0.72104 0.02653 2.2082e-02 -4.1533e-02 3.5290e-01 -3.7280e-06 -1.8166e-05 8.8591e-05 0.00017 0.00024 0.00025 0.00001 -0.00002 -0.00002 1.59679e-05 6.60341e-04 -2.2826597128e-04 4.4804280154e-04 1.0264064212e-09 
450.002 -1.80879 -1.02475 -0.03183 0.33270 -0.58437 -0.02729 3.4731e-02 1.2405e-01 3.0062e-01 -2.2678e-06 2.8710e-05 7.9203e-05 0.00020 0.00020 0.00026 -0.00003 0.00002 -0.00002 1.36462e-05 6.60029e-04 -2.2826747195e-04 4.4540789543e-04 9.5379548159e-10 
460.002 1.15371 1.61250 0.05616 -0.55999 0.42581 0.01537 7.4661e-02 -8.1487e-02 4.3484e-01 1.6116e-05 -8.9076e-06 1.1195e-04 0.00019 0.00021 0.00026 -0.00003 0.00002 -0.00000 2.53048e-05 6.60086e-04 -2.2826100167e-04 4.5712956981e-04 9.6548701432e-10 
470.002 -0.40994 -1.89705 -0.04628 0.70890 -0.15403 -0.00587 -3.7031e-02 -1.8659e-01 2.6675e-01 -1.0744e-05 -3.6413e-05 7.4981e-05 0.00022 0.00017 0.00027 0.00000 -0.00002 -0.00001 1.35966e-05 6.60318e-04 -2.2826668941e-04 4.4564802499e-04 9.4056120473e-10 
480.002 -0.32833 1.94334 0.06621 -0.69962 -0.14185 -0.00056 -1.1676e-01 5.6095e-03 4.0034e-01 -1.8579e-05 4.7487e-06 9.8197e-05 0.00023 0.00018 0.00025 0.00002 0.00002 0.00002 2.07541e-05 6.60091e-04 -2.2826235403e-04 4.5258315712e-04 8.6764954222e-10 
490.002 1.14114 -1.64045 -0.07103 0.56956 0.40730 0.01502 4.8445e-02 1.6193e-01 3.4267e-01 1.3995e-05 2.7358e-05 9.2026e-05 0.00021 0.00018 0.00027 0.00002 -0.00001 0.00000 1.83212e-05 6.60266e-04 -2.2826358458e-04 4.5032378295e-04 9.8158526285e-10 
500.002 -1.77315 0.94875 0.03469 -0.34126 -0.60568 -0.02581 2.1592e-02 -9.0100e-02 3.8353e-01 6.8412e-06 -3.1781e-05 9.8469e-05 0.00017 0.00024 0.00025 0.00001 -0.00003 0.00001 2.03883e-05 6.60210e-04 -2.2826505115e-04 4.5233281139e-04 9.4345931848e-10 
510.002 1.98439 -0.15016 -0.00155 0.07591 0.70126 0.02556 -2.5207e-02 -8.5496e-02 3.0831e-01 -1.5828e-05 -1.9891e-05 8.1069e-05 0.00019 0.00022 0.00026 0.00002 -0.00000 -0.00003 1.35471e-05 6.60123e-04 -2.2826951900e-04 4.4540049495e-04 9.1240887738e-10 
520.002 -1.83005 -0.57592 -0.01618 0.22953 -0.69514 -0.02256 -1.2932e-03 1.7656e-01 3.6801e-01 -7.0378e-06 4.2540e-05 1.0080e-04 0.00018 0.00021 0.00027 -0.00002 0.00001 -0.00001 2.23073e-05 6.60255e-04 -2.2825994153e-04 4.5430266101e-04 9.7204384720e-10 
530.002 1.56958 1.30992 0.04794 -0.45591 0.51199 0.01753 1.1375e-01 -6.1072e-02 3.3546e-01 2.8360e-05 -5.3445e-06 8.7566e-05 0.00020 0.00020 0.00026 -0.00002 0.00003 0.00001 1.64634e-05 6.59811e-04 -2.2826699790e-04 4.4800789292e-04 8.4183116996e-10 
540.002 -0.79253 -1.78812 -0.07151 0.65427 -0.28797 -0.01015 -1.3069e-02 -1.4193e-01 3.4001e-01 2.9309e-06 -3.8150e-05 9.0942e-05 0.00020 0.00020 0.00026 -0.00003 -0.00003 0.00000 1.81487e-05 6.60328e-04 -2.2826467669e-04 4.5021151623e-04 9.8617565859e-10 
550.002 -0.05294 2.02355 0.08881 -0.69228 -0.00796 -0.00748 -1.6254e-01 3.5770e-02 3.9603e-01 -3.0239e-05 4.3330e-06 1.0535e-04 0.00022 0.00018 0.00027 0.00002 0.00000 0.00001 2.33960e-05 6.60180e-04 -2.2826133049e-04 4.5531461088e-04 8.9073440650e-10 
560.002 0.91008 -1.73396 -0.05939 0.65623 0.30335 0.02022 1.1168e-01 9.7002e-02 2.9265e-01 2.1872e-05 1.9568e-05 7.8194e-05 0.00022 0.00017 0.00027 0.00001 0.00001 -0.00001 1.36119e-05 6.60302e-04 -2.2826800450e-04 4.4564634127e-04 8.7970963141e-10 
570.002 -1.24610 1.51949 0.04449 -0.52757 -0.48408 -0.01954 1.1782e-01 -8.9274e-02 3.8782e-01 2.7010e-05 -2.4715e-05 1.0613e-04 0.00019 0.00021 0.00026 0.00002 -0.00002 0.00002 2.32730e-05 6.60129e-04 -2.2826209274e-04 4.5513986198e-04 9.7330685063e-10 
580.002 1.93900 -0.73222 -0.01405 0.24380 0.62848 0.02644 -7.6190e-02 -1.3593e-01 3.1957e-01 -2.1479e-05 -2.8658e-05 8.6435e-05 0.00018 0.00022 0.00027 0.00001 0.00001 -0.00002 1.65771e-05 6.59758e-04 -2.2826678278e-04 4.4806791477e-04 8.9996493598e-10 
590.002 -1.92341 0.04116 -0.02599 0.00081 -0.72701 -0.03426 -5.9230e-02 1.3134e-01 3.3479e-01 -1.2728e-05 3.3768e-05 9.2051e-05 0.00017 0.00022 0.00027 0.00001 0.00001 -0.00001 1.80034e-05 6.60342e-04 -2.2826316491e-04 4.5008180016e-04 1.0098737438e-09 
600.002 1.83940 0.95209 0.08640 -0.29655 0.61060 0.01421 4.7377e-02 -7.5768e-02 3.9671e-01 1.9471e-05 -1.0695e-05 1.0555e-04 0.00020 0.00019 0.00027 -0.00002 0.00001 0.00002 2.18029e-05 6.60112e-04 -2.2826395490e-04 4.5365134387e-04 8.5522486992e-10 
610.002 -1.25817 -1.43807 -0.07835 0.54266 -0.50859 -0.00567 -1.8682e-02 -6.6792e-02 2.4684e-01 -4.6460e-06 -2.2206e-05 6.4500e-05 0.00018 0.00023 0.00025 -0.00002 -0.00003 -0.00001 8.74550e-06 6.60432e-04 -2.2827155226e-04 4.4090546983e-04 8.1473635934e-10 
620.002 1.04488 1.74873 0.08805 -0.61438 0.31692 0.00425 -1.4392e-01 1.5081e-01 3.9405e-01 -3.7572e-05 2.6547e-05 1.0738e-04 0.00022 0.00017 0.00027 -0.00002 -0.00000 -0.00001 2.58613e-05 6.60015e-04 -2.2825975787e-04 4.5761683469e-04 9.5748065847e-10 
630.002 0.02740 -2.02686 -0.07803 0.68842 -0.00999 0.01799 1.4563e-01 4.9134e-02 3.5576e-01 2.7414e-05 1.4745e-05 9.2556e-05 0.00023 0.00017 0.00026 -0.00000 0.00002 -0.00001 1.88221e-05 6.59869e-04 -2.2826454515e-04 4.5042608550e-04 9.6788028456e-10 
640.002 -0.57948 1.88513 0.04209 -0.67183 -0.22901 -0.02957 8.3543e-02 -1.5125e-01 2.9730e-01 2.0509e-05 -3.4561e-05 8.3222e-05 0.00022 0.00018 0.00026 0.00001 -0.00003 0.00001 1.58412e-05 6.60195e-04 -2.2826652050e-04 4.4776960523e-04 9.8267621047e-10 
650.002 1.52997 -1.34401 0.01537 0.47730 0.50004 0.02380 -1.5310e-01 -1.3907e-01 4.1693e-01 -3.8146e-05 -2.4949e-05 1.1081e-04 0.00018 0.00021 0.00027 0.00002 0.00002 -0.00002 2.77548e-05 6.60202e-04 -2.2826054744e-04 4.5969642498e-04 9.3022329031e-10 
660.002 -1.73766 0.81979 -0.02600 -0.31457 -0.66900 -0.02776 -5.3670e-02 1.6189e-01 1.7883e-01 -6.0885e-06 3.9643e-05 5.0230e-05 0.00018 0.00022 0.00026 0.00002 0.00003 -0.00000 7.86365e-06 6.60404e-04 -2.2826995236e-04 4.3999769593e-04 8.1051017481e-10 
670.002 2.00445 -0.21478 0.05405 0.04865 0.69425 0.02426 5.1658e-03 5.1488e-03 4.4993e-01 1.7355e-05 -5.1273e-06 1.1101e-04 0.00019 0.00023 0.00025 -0.00002 -0.00001 0.00004 2.50051e-05 6.60072e-04 -2.2826231900e-04 4.5681524682e-04 1.0320814721e-09 
680.002 -1.89553 -0.72685 -0.08093 0.23851 -0.64559 -0.00849 6.3569e-02 -1.5627e-01 3.2382e-01 8.9629e-06 -4.9275e-05 7.6058e-05 0.00018 0.00026 0.00023 -0.00001 -0.00002 -0.00001 1.64495e-05 6.59964e-04 -2.2826633218e-04 4.4814764774e-04 9.7438379661e-10 
690.002 1.49673 1.31292 0.07681 -0.46738 0.52593 -0.00385 -1.0213e-01 -1.2894e-02 2.2431e-01 -2.9137e-05 1.1282e-06 5.2762e-05 0.00023 0.00021 0.00022 -0.00004 -0.00000 -0.00003 7.39813e-06 6.60105e-04 -2.2827249189e-04 4.3923031268e-04 9.2578249466e-10 
700.002 -0.74055 -1.84404 -0.05089 0.65112 -0.27641 0.01226 -1.2717e-01 1.9035e-02 4.7017e-01 -1.5515e-05 1.7579e-05 1.1402e-04 0.00023 0.00018 0.00025 -0.00001 0.00003 0.00003 2.79592e-05 6.60282e-04 -2.2826207178e-04 4.5997861232e-04 9.5044508460e-10 
710.002 0.00167 1.92673 0.04063 -0.73584 -0.00050 -0.02393 1.6419e-01 9.1716e-02 2.6359e-01 4.8353e-05 1.2527e-05 6.2617e-05 0.00026 0.00017 0.00023 -0.00000 -0.00001 0.00002 1.27965e-05 6.60353e-04 -2.2826694283e-04 4.4488300717e-04 7.8918805260e-10 
720.002 0.58163 -1.95700 -0.02206 0.65371 0.22114 0.02812 8.5396e-02 -1.2781e-01 2.5364e-01 1.4364e-05 -2.7041e-05 5.7584e-05 0.00023 0.00021 0.00022 0.00005 -0.00002 0.00000 9.64414e-06 6.60135e-04 -2.2827243652e-04 4.4150620385e-04 9.6541056980e-10 
730.002 -1.37222 1.50239 -0.02046 -0.51422 -0.45435 -0.02545 -1.2480e-01 -1.4065e-01 4.9036e-01 -2.5815e-05 -3.9646e-05 1.0471e-04 0.00023 0.00022 0.00022 0.00005 -0.00001 0.00002 3.00720e-05 6.60089e-04 -2.2825920350e-04 4.6190201083e-04 1.0347017496e-09 
740.002 1.78413 -0.92339 0.04378 0.32327 0.61769 0.01829 4.6871e-02 -1.5184e-01 2.7201e-01 -1.4278e-06 -2.2301e-05 6.2760e-05 0.00022 0.00019 0.00025 0.00002 0.00002 -0.00003 1.01951e-05 6.60071e-04 -2.2827336483e-04 4.4199277386e-04 9.1037127130e-10 
750.002 -1.94551 0.06141 -0.04617 -0.03238 -0.72290 -0.01582 5.9638e-02 1.7339e-01 4.2249e-01 -4.5310e-07 4.8586e-05 1.0155e-04 0.00018 0.00024 0.00023 -0.00003 0.00002 -0.00001 2.56504e-05 6.60384e-04 -2.2826172662e-04 4.5777313001e-04 9.4866233916e-10 
760.002 1.91373 0.56256 0.06754 -0.21706 0.67447 0.00674 -6.7529e-02 2.6236e-02 3.7784e-01 -1.0105e-06 1.2309e-05 8.1478e-05 0.00018 0.00026 0.00022 0.00002 0.00002 0.00003 1.55882e-05 6.60173e-04 -2.2827241428e-04 4.4748859675e-04 7.8155134175e-10 
770.002 -1.44552 -1.32044 -0.07815 0.48372 -0.53104 0.01073 1.9153e-01 1.0482e-01 2.6263e-01 3.0774e-05 1.2992e-05 5.6760e-05 0.00022 0.00019 0.00024 -0.00003 -0.00001 -0.00003 1.10814e-05 6.60361e-04 -2.2826972834e-04 4.4317253737e-04 9.4678661646e-10 
780.002 1.02648 1.80572 0.05830 -0.58976 0.32259 -0.01950 -8.1682e-02 -9.1833e-02 5.2181e-01 -2.8604e-05 -1.2467e-05 1.2450e-04 0.00021 0.00021 0.00024 -0.00004 0.00001 -0.00003 3.42243e-05 6.60053e-04 -2.2825756505e-04 4.6601983855e-04 9.8313396901e-10 
790.002 -0.02151 -2.02811 -0.02128 0.69169 -0.05380 0.02225 -1.0588e-01 -1.8672e-01 3.2842e-01 -3.2893e-05 -2.4084e-05 7.7197e-05 0.00024 0.00018 0.00024 -0.00001 0.00002 -0.00003 1.66661e-05 6.60075e-04 -2.2826743927e-04 4.4847374429e-04 9.3104874735e-10 
800.002 -0.29842 1.92215 0.02318 -0.71455 -0.13817 -0.02591 -8.6443e-02 1.5405e-01 2.5430e-01 -2.1772e-05 2.1576e-05 5.4138e-05 0.00027 0.00017 0.00022 0.00002 -0.00001 -0.00001 9.48647e-06 6.60414e-04 -2.2826982972e-04 4.4163076032e-04 9.0752059642e-10 
810.002 1.22046 -1.58893 0.03328 0.55428 0.42907 0.02738 1.5700e-01 -3.3028e-02 5.0855e-01 2.3291e-05 2.7936e-06 1.2980e-04 0.00022 0.00018 0.00026 0.00002 0.00001 -0.00002 3.47869e-05 6.60052e-04 -2.2825383807e-04 4.6658534121e-04 8.8575208186e-10 
820.002 -1.67688 0.99924 -0.06898 -0.35976 -0.62375 -0.01593 1.4327e-01 -1.1233e-01 2.0258e-01 2.7920e-05 -2.3128e-05 5.7233e-05 0.00017 0.00022 0.00027 0.00001 -0.00000 0.00002 9.09633e-06 6.60357e-04 -2.2827090498e-04 4.4118260767e-04 9.8784269605e-10 
830.002 2.06557 -0.32380 0.07508 0.10511 0.66057 0.00012 -1.4919e-01 -1.4049e-01 4.1351e-01 -3.7466e-05 -2.2585e-05 1.0722e-04 0.00019 0.00021 0.00026 0.00002 0.00002 -0.00001 2.65506e-05 6.60031e-04 -2.2826213616e-04 4.5831985121e-04 9.2002009146e-10 
840.002 -1.88742 -0.57381 -0.06733 0.17328 -0.68987 0.00288 -1.9524e-01 1.5552e-01 3.0863e-01 -4.1004e-05 4.4945e-05 8.5404e-05 0.00018 0.00022 0.00026 -0.00002 0.00002 -0.00001 2.06766e-05 6.60096e-04 -2.2826169361e-04 4.5251073266e-04 9.6617608382e-10 
850.002 1.65902 1.06020 0.07779 -0.40049 0.59509 -0.01224 7.2989e-02 1.0036e-01 2.4497e-01 2.0775e-05 1.7910e-05 6.1662e-05 0.00021 0.00021 0.00024 -0.00003 -0.00000 0.00004 9.20977e-06 6.60240e-04 -2.2827224540e-04 4.4117788319e-04 9.1278995383e-10 
860.002 -1.05766 -1.67258 -0.04091 0.60660 -0.36751 0.02663 1.6163e-01 -4.8993e-02 4.6704e-01 2.2290e-05 -1.8518e-05 1.1449e-04 0.00022 0.00019 0.00025 -0.00002 -0.00001 -0.00003 2.89904e-05 6.59985e-04 -2.2825862324e-04 4.6071633928e-04 9.1591399201e-10 
870.002 0.36549 1.97226 -0.00286 -0.69029 0.11322 -0.02450 -1.6552e-01 -1.3841e-01 2.7204e-01 -4.8038e-05 -2.3069e-05 6.8042e-05 0.00026 0.00017 0.00023 -0.00001 -0.00000 -0.00002 1.48271e-05 6.60217e-04 -2.2826659309e-04 4.4677706690e-04 9.9604577122e-10 
880.002 0.57811 -1.94154 0.02769 0.66843 0.17981 0.01805 -1.4586e-01 1.0039e-01 3.3657e-01 -2.7973e-05 2.4213e-05 7.7060e-05 0.00024 0.00020 0.00022 0.00004 0.00003 0.00001 1.62236e-05 6.60144e-04 -2.2826780643e-04 4.4809953723e-04 9.2176485882e-10 
890.002 -1.20058 1.58184 -0.04511 -0.57137 -0.41532 -0.01994 1.0273e-01 1.7178e-01 4.2303e-01 1.9728e-05 3.5985e-05 9.5590e-05 0.00025 0.00018 0.00023 0.00003 0.00000 -0.00003 2.43230e-05 6.60076e-04 -2.2826306555e-04 4.5613562114e-04 9.7413251340e-10 
900.002 1.71735 -0.95895 0.08328 0.35466 0.62395 0.01531 1.6586e-01 -3.8303e-02 2.1904e-01 3.9452e-05 1.7823e-07 5.3506e-05 0.00022 0.00022 0.00023 0.00005 0.00000 0.00002 9.12823e-06 6.60150e-04 -2.2827189208e-04 4.4100625922e-04 9.1486541965e-10 
910.002 -1.94821 0.45914 -0.08111 -0.13099 -0.69134 0.00345 -1.4451e-01 -2.3182e-01 2.9747e-01 -2.2530e-05 -6.2319e-05 7.9524e-05 0.00018 0.00023 0.00026 0.00001 -0.00003 0.00002 2.06796e-05 6.59912e-04 -2.2826278807e-04 4.5232924774e-04 8.7804334705e-10 
920.002 1.98645 0.41331 0.05763 -0.14320 0.67513 -0.01179 -2.1002e-01 7.2663e-03 4.0882e-01 -5.3456e-05 -1.0915e-05 1.0151e-04 0.00019 0.00024 0.00023 -0.00001 -0.00003 -0.00003 2.63245e-05 6.60177e-04 -2.2826202671e-04 4.5823922981e-04 9.7194595712e-10 
930.002 -1.63056 -1.17832 -0.04906 0.39262 -0.57931 0.01257 5.3786e-03 2.3068e-01 1.7059e-01 -4.0282e-06 5.4906e-05 4.9209e-05 0.00017 0.00022 0.00026 -0.00002 0.00002 -0.00001 1.05192e-05 6.60214e-04 -2.2826988903e-04 4.4246294151e-04 8.8747198883e-10 
940.002 1.12180 1.62108 0.03384 -0.58062 0.41045 -0.02587 2.3917e-01 1.2982e-02 5.0995e-01 4.7395e-05 8.6834e-06 1.3355e-04 0.00020 0.00019 0.00026 -0.00003 0.00003 -0.00000 3.97770e-05 6.60162e-04 -2.2825220535e-04 4.7168687896e-04 9.8283442117e-10 
950.002 -0.29546 -1.96073 0.02527 0.70184 -0.11652 0.03386 5.7786e-02 -2.2394e-01 2.3670e-01 3.4805e-06 -4.1154e-05 5.9340e-05 0.00024 0.00018 0.00024 0.00002 -0.00001 -0.00002 1.17317e-05 6.60123e-04 -2.2827085361e-04 4.4358386070e-04 9.5591001647e-10 
960.002 -0.15500 2.00961 -0.04055 -0.69191 -0.09043 -0.02412 -9.6058e-02 -1.4691e-02 4.4867e-01 -2.7529e-05 -1.4025e-05 9.1633e-05 0.00027 0.00019 0.00020 -0.00000 -0.00003 -0.00000 2.19815e-05 6.59893e-04 -2.2826612507e-04 4.5360838139e-04 8.7480216373e-10 
970.002 1.05216 -1.73837 0.06140 0.58966 0.35543 0.01336 -3.6091e-02 -1.9464e-01 4.9240e-01 -3.0154e-05 -3.1204e-05 1.1078e-04 0.00024 0.00019 0.00023 0.00003 0.00001 -0.00003 3.08554e-05 6.60196e-04 -2.2825971261e-04 4.6279121186e-04 9.9259730167e-10 
980.002 -1.64083 1.13863 -0.06857 -0.42171 -0.56728 -0.01078 -1.3626e-01 3.8182e-02 1.4390e-01 -2.6624e-05 1.7315e-06 3.1419e-05 0.00021 0.00023 0.00022 0.00005 0.00000 0.00000 4.10755e-06 6.60301e-04 -2.2827349571e-04 4.3613518951e-04 8.8325272914e-10 
